monday,tuesday,wednesday,thursday,friday,saturday,sunday,start_date,end_date,service_id
0,0,0,0,0,1,1,20210814,20210815,71
0,0,0,0,1,0,1,20210813,20210815,84
0,0,0,0,1,1,0,20210813,20210814,79
0,0,0,0,1,1,1,20210813,20210815,88
0,0,0,1,0,0,1,20210812,20210815,111
0,0,0,1,0,1,0,20210812,20210814,142
0,0,0,1,0,1,1,20210812,20210815,122
0,0,0,1,1,0,0,20210812,20210813,109
0,0,0,1,1,0,1,20210812,20210815,5
0,0,0,1,1,1,0,20210812,20210814,105
0,0,0,1,1,1,1,20210812,20210815,156
0,0,1,0,0,0,1,20210811,20210815,129
0,0,1,0,0,1,0,20210811,20210814,150
0,0,1,0,0,1,1,20210811,20210815,149
0,0,1,0,1,0,0,20210811,20210813,77
0,0,1,0,1,0,1,20210811,20210815,113
0,0,1,0,1,1,0,20210811,20210814,23
0,0,1,0,1,1,1,20210811,20210815,13
0,0,1,1,0,0,0,20210811,20210812,127
0,0,1,1,0,0,1,20210811,20210815,53
0,0,1,1,0,1,0,20210811,20210814,4
0,0,1,1,0,1,1,20210811,20210815,6
0,0,1,1,1,0,0,20210811,20210813,87
0,0,1,1,1,0,1,20210811,20210815,3
0,0,1,1,1,1,0,20210811,20210814,153
0,0,1,1,1,1,1,20210811,20210815,141
0,1,0,0,0,0,1,20210810,20210815,14
0,1,0,0,0,1,0,20210810,20210814,125
0,1,0,0,0,1,1,20210810,20210815,19
0,1,0,0,1,0,0,20210810,20210813,70
0,1,0,0,1,0,1,20210810,20210815,24
0,1,0,0,1,1,0,20210810,20210814,2
0,1,0,0,1,1,1,20210810,20210815,34
0,1,0,1,0,0,0,20210810,20210812,78
0,1,0,1,0,0,1,20210810,20210815,8
0,1,0,1,0,1,0,20210810,20210814,117
0,1,0,1,0,1,1,20210810,20210815,22
0,1,0,1,1,0,0,20210810,20210813,119
0,1,0,1,1,0,1,20210810,20210815,157
0,1,0,1,1,1,0,20210810,20210814,20
0,1,0,1,1,1,1,20210810,20210815,94
0,1,1,0,0,0,0,20210810,20210811,131
0,1,1,0,0,0,1,20210810,20210815,63
0,1,1,0,0,1,0,20210810,20210814,136
0,1,1,0,0,1,1,20210810,20210815,138
0,1,1,0,1,0,0,20210810,20210813,139
0,1,1,0,1,0,1,20210810,20210815,160
0,1,1,0,1,1,0,20210810,20210814,36
0,1,1,0,1,1,1,20210810,20210815,165
0,1,1,1,0,0,0,20210810,20210812,83
0,1,1,1,0,0,1,20210810,20210815,44
0,1,1,1,0,1,0,20210810,20210814,28
0,1,1,1,0,1,1,20210810,20210815,32
0,1,1,1,1,0,0,20210810,20210813,80
0,1,1,1,1,0,1,20210810,20210815,120
0,1,1,1,1,1,0,20210810,20210814,132
0,1,1,1,1,1,1,20210810,20210815,98
1,0,0,0,0,0,0,20210809,20210816,107
1,0,0,0,0,0,1,20210809,20210815,164
1,0,0,0,0,0,1,20210809,20210816,121
1,0,0,0,0,0,1,20210815,20210816,26
1,0,0,0,0,1,0,20210809,20210814,56
1,0,0,0,0,1,0,20210809,20210816,162
1,0,0,0,0,1,0,20210814,20210816,96
1,0,0,0,0,1,1,20210809,20210816,1
1,0,0,0,0,1,1,20210814,20210816,54
1,0,0,0,1,0,0,20210809,20210813,59
1,0,0,0,1,0,0,20210809,20210816,115
1,0,0,0,1,0,0,20210813,20210816,42
1,0,0,0,1,0,1,20210809,20210816,25
1,0,0,0,1,1,0,20210809,20210816,30
1,0,0,0,1,1,1,20210809,20210815,62
1,0,0,0,1,1,1,20210809,20210816,134
1,0,0,0,1,1,1,20210813,20210816,38
1,0,0,1,0,0,0,20210809,20210812,64
1,0,0,1,0,0,0,20210809,20210816,151
1,0,0,1,0,0,1,20210809,20210816,50
1,0,0,1,0,1,0,20210809,20210814,46
1,0,0,1,0,1,0,20210809,20210816,133
1,0,0,1,0,1,1,20210809,20210816,29
1,0,0,1,1,0,0,20210809,20210813,65
1,0,0,1,1,0,0,20210809,20210816,74
1,0,0,1,1,0,0,20210812,20210816,58
1,0,0,1,1,0,1,20210809,20210816,112
1,0,0,1,1,0,1,20210812,20210816,49
1,0,0,1,1,1,0,20210809,20210816,128
1,0,0,1,1,1,1,20210809,20210816,144
1,0,1,0,0,0,0,20210809,20210811,43
1,0,1,0,0,0,0,20210809,20210816,148
1,0,1,0,0,0,1,20210809,20210816,11
1,0,1,0,0,1,0,20210809,20210816,110
1,0,1,0,0,1,1,20210809,20210816,123
1,0,1,0,1,0,0,20210809,20210816,97
1,0,1,0,1,0,1,20210809,20210816,33
1,0,1,0,1,1,0,20210809,20210816,40
1,0,1,0,1,1,1,20210809,20210816,145
1,0,1,1,0,0,0,20210809,20210812,47
1,0,1,1,0,0,0,20210809,20210816,130
1,0,1,1,0,0,1,20210809,20210815,37
1,0,1,1,0,0,1,20210809,20210816,95
1,0,1,1,0,1,0,20210809,20210816,15
1,0,1,1,0,1,1,20210809,20210816,27
1,0,1,1,1,0,0,20210809,20210816,118
1,0,1,1,1,0,0,20210811,20210816,143
1,0,1,1,1,0,1,20210809,20210816,158
1,0,1,1,1,1,0,20210809,20210816,147
1,0,1,1,1,1,0,20210811,20210816,45
1,0,1,1,1,1,1,20210809,20210816,135
1,0,1,1,1,1,1,20210811,20210816,52
1,1,0,0,0,0,0,20210809,20210810,106
1,1,0,0,0,0,0,20210809,20210816,92
1,1,0,0,0,0,1,20210809,20210816,16
1,1,0,0,0,1,0,20210809,20210816,116
1,1,0,0,0,1,1,20210809,20210816,35
1,1,0,0,1,0,0,20210809,20210816,137
1,1,0,0,1,0,0,20210810,20210816,39
1,1,0,0,1,0,1,20210809,20210816,12
1,1,0,0,1,1,0,20210809,20210816,10
1,1,0,0,1,1,0,20210810,20210816,7
1,1,0,0,1,1,1,20210809,20210816,159
1,1,0,1,0,0,0,20210809,20210812,55
1,1,0,1,0,0,0,20210809,20210816,108
1,1,0,1,0,0,1,20210809,20210816,126
1,1,0,1,0,1,0,20210809,20210816,90
1,1,0,1,0,1,1,20210809,20210816,57
1,1,0,1,1,0,0,20210809,20210816,99
1,1,0,1,1,0,1,20210809,20210816,101
1,1,0,1,1,1,0,20210809,20210814,155
1,1,0,1,1,1,0,20210809,20210816,154
1,1,0,1,1,1,1,20210809,20210816,103
1,1,1,0,0,0,0,20210809,20210811,31
1,1,1,0,0,0,0,20210809,20210816,100
1,1,1,0,0,0,1,20210809,20210816,9
1,1,1,0,0,1,0,20210809,20210816,17
1,1,1,0,0,1,1,20210809,20210816,21
1,1,1,0,1,0,0,20210809,20210813,51
1,1,1,0,1,0,0,20210809,20210816,93
1,1,1,0,1,0,1,20210809,20210816,161
1,1,1,0,1,1,0,20210809,20210816,104
1,1,1,0,1,1,1,20210809,20210816,163
1,1,1,1,0,0,0,20210809,20210812,140
1,1,1,1,0,0,0,20210809,20210816,76
1,1,1,1,0,0,1,20210809,20210816,82
1,1,1,1,0,1,0,20210809,20210814,60
1,1,1,1,0,1,0,20210809,20210816,91
1,1,1,1,0,1,1,20210809,20210816,102
1,1,1,1,1,0,0,20210809,20210813,86
1,1,1,1,1,0,0,20210809,20210816,67
1,1,1,1,1,0,0,20210810,20210816,41
1,1,1,1,1,0,1,20210809,20210815,18
1,1,1,1,1,0,1,20210809,20210816,81
1,1,1,1,1,1,0,20210809,20210814,152
1,1,1,1,1,1,0,20210809,20210816,73
1,1,1,1,1,1,0,20210810,20210816,48
1,1,1,1,1,1,1,20210809,20210815,146
1,1,1,1,1,1,1,20210809,20210816,72
1,1,1,1,1,1,1,20210810,20210816,61
